.Random.seed <-
c(403L, 10L, -184647603L, 80959751L, 1191873774L, 907142600L, 
1792690891L, -1842466007L, 169546616L, 228477094L, -1373678911L, 
1820992339L, -1552699390L, -1976902348L, -643721545L, -2031539539L, 
-2082034748L, 323285994L, -55591851L, -264216081L, -278730250L, 
1877634848L, -944365341L, -2053499519L, -565562384L, -1279034738L, 
-1438790151L, 776122251L, -1165759558L, -1664429380L, 231213567L, 
-1884661931L, -1561644948L, 490300610L, 203640605L, -1427749481L, 
-849709826L, 2102271672L, 705626267L, 652291833L, 1321033800L, 
-1364102282L, 729278129L, -1675958557L, 682055090L, 1983823364L, 
-1061276345L, 847081501L, 1567643284L, 1227087418L, -1795247995L, 
1716663647L, 815406566L, -1312934800L, 1790814099L, -1178243023L, 
90980064L, 1657862014L, -1855394295L, -1393228229L, -867854326L, 
-1286813716L, 559443055L, 212665253L, -1131830436L, -1302786254L, 
1991360045L, 1945957607L, -226036210L, -1137103896L, -1242704405L, 
1341619849L, -99111400L, -313367226L, 1141576609L, 125886003L, 
1198871458L, 861447828L, -1857657577L, 1145496333L, -1067232732L, 
2026740234L, 691544949L, -445962545L, 1237526998L, 1671202176L, 
126664131L, 1286642529L, 22462928L, -1844668114L, -1274879783L, 
-1719108885L, -1301993638L, 1333092636L, -1991530465L, 472757365L, 
802763020L, -1081205534L, -1483803203L, 1956348471L, 1652101342L, 
-1553966056L, 1142670203L, -1562709223L, -170766424L, -661696682L, 
1799796689L, -1223793789L, 965297682L, 1969217956L, -1783442073L, 
1567709885L, 1283086900L, -1613831782L, -1263878683L, 1093704063L, 
-1350946554L, 1079134864L, -1276011725L, -1572151087L, 1284092544L, 
-248503458L, 1592594601L, -1785105573L, 954368362L, -160242676L, 
2122597455L, 676459781L, 1995224508L, -1828224878L, 233042829L, 
-1805614137L, 211826862L, 378829064L, -1683372277L, -537771543L, 
-1055897928L, 560607590L, 279294465L, -1025561453L, -1002989758L, 
267413748L, 357131511L, -894075667L, -1183666300L, 567681450L, 
1450104597L, 1773585839L, 832990646L, -424569888L, -574112989L, 
-1058456511L, 640405296L, -1180050098L, -177283143L, 208951755L, 
624532090L, -1863413892L, 2103041983L, 2037729429L, -954911060L, 
-980900734L, -1251212195L, -1583199401L, -293923266L, -2022991240L, 
-1611191973L, 633292985L, -349132536L, -1235625034L, 1594005745L, 
-2068754653L, -1529718414L, 352717764L, -925866105L, 2109664605L, 
-1799863468L, 904321402L, -1844685627L, -889453025L, 1486393766L, 
43025200L, -244338221L, 441595889L, -1691479776L, -1644040258L, 
-506503223L, -1125027973L, 484857162L, -25747028L, -109724497L, 
-2029803931L, -352772580L, 140202098L, 1715357421L, 516254503L, 
-859601074L, -1095127128L, 452770731L, -1806190391L, -729464616L, 
1657183622L, -1520716703L, -1824557581L, -1823132574L, 1553363668L, 
1947513815L, 1101834701L, -1572151964L, -1299408566L, 439689397L, 
-1002829809L, -868769514L, -1593885760L, -311421053L, -1384450655L, 
786659728L, -796196242L, -465497063L, 172279979L, -728564582L, 
-1310442404L, -1491752609L, -1759388875L, -500400436L, 705358882L, 
-388419971L, 1535464311L, 338013342L, 505947892L, 582155666L, 
-2010947488L, 816411916L, -1573184800L, -1954267806L, -1390288216L, 
285551180L, 407500156L, 1616976178L, 2127473776L, -507032764L, 
352059864L, -2079583110L, 1853171248L, 1825718972L, 564417364L, 
-231673790L, 190654880L, 693106364L, 1270513104L, -949084830L, 
226699240L, -1527386164L, 46047996L, 1232631282L, 1647922304L, 
-1569482508L, -105997688L, -1828664518L, 18638672L, 951048812L, 
-1791461228L, -1103167150L, 1802360544L, 293160652L, -1555822432L, 
157419394L, -919886104L, -371609876L, -307556292L, -688134542L, 
-764791696L, 874170916L, 478156856L, 1646301210L, -1142217008L, 
597130300L, 1292897428L, 369035394L, -2111213632L, -528123588L, 
-285157744L, -2088402910L, -31410168L, 2135379084L, 715035676L, 
-1377162606L, 849965184L, -773827564L, -1543583448L, 464882234L, 
583226576L, -950217620L, -225739084L, 1386285074L, 278874080L, 
-1763191860L, 867167712L, 1870766626L, 101809448L, -421866228L, 
-2135863748L, 202768626L, -1851994384L, 662146884L, 1895489112L, 
471005754L, 12394224L, 1865576636L, -1851743724L, -1042930494L, 
-1773546400L, 36920700L, -564821808L, 1434383394L, -848949592L, 
-831675508L, 158498236L, -440275918L, 822232896L, 1721554100L, 
876930888L, 499628730L, -819142896L, -1812574996L, 921736276L, 
1415597842L, -79525984L, -1963248692L, -1192680608L, -762587966L, 
1527051816L, -1809214036L, -2013787332L, -1164527758L, -610126032L, 
1529239076L, 1374884920L, 1029877978L, -2009987696L, -144020740L, 
1604305812L, 1822115650L, 492146176L, 1505588796L, 229472848L, 
-1172150622L, -176454840L, -1827720692L, -1236162340L, -270570926L, 
-1281707904L, -1917957292L, -193260056L, 1564139258L, -873911472L, 
-350381012L, -906499724L, -1159842158L, -957804960L, 332187276L, 
1273915232L, -1758704926L, 863080616L, 621112524L, -1691049476L, 
-676474958L, 949398000L, 478180804L, -751625384L, -665047174L, 
1909949872L, 840476092L, -766737324L, 87234498L, -1377249504L, 
-1219171396L, 1895106128L, -1842214430L, -1882897048L, -361456308L, 
134755580L, 785705714L, -1422703872L, -1524691340L, -1834429432L, 
1452452282L, 441463760L, -1616910868L, 2017152916L, -1978597678L, 
1907079776L, -697729716L, 1790660896L, 1549192834L, 808740328L, 
-1260919828L, -1156343236L, -1459599758L, 1616149360L, 1853378852L, 
2020930104L, 1067366810L, 558370256L, 323947964L, 563582100L, 
-1884628862L, -1880416832L, 1441664828L, 555335824L, 295717666L, 
1550912008L, -1243207412L, 212126108L, -569112046L, -122720384L, 
-706540780L, 921993512L, -760248262L, 879451088L, 583069292L, 
-1169542604L, 539403922L, 777641312L, -348370612L, -333220896L, 
-1385684574L, 1638840744L, 1315567244L, 1738620348L, -169856398L, 
884165616L, 1233519172L, -1989316520L, 615007290L, 700281968L, 
-152116164L, -2087787244L, -435090750L, 1532868320L, -1906750340L, 
1936116432L, -1056921182L, -952034264L, -1417566452L, 1242025404L, 
1692722994L, 634629824L, -673935308L, 71192264L, -1507473222L, 
1945379472L, 1037663980L, 1417583188L, 249081490L, -316609248L, 
266704992L, -927371831L, -1433459461L, -1582822708L, -599396518L, 
1632877135L, -1163362535L, -1142171346L, 1557900092L, -1890119507L, 
1714271063L, 760485536L, 1926791166L, 2126665419L, 1568348365L, 
-280839174L, 1894606904L, 1613582817L, 1214511763L, -310579020L, 
743154114L, 1049266647L, 1927165473L, 885665254L, 663594212L, 
-147596267L, 268622911L, 733000664L, -1673255434L, 37406211L, 
590422341L, -784186014L, -1342302512L, 1978954233L, 479613227L, 
-361891172L, -353578806L, -1208608321L, -719868663L, 71429662L, 
-1982123060L, 1283236253L, -210969561L, -1715928496L, 127651566L, 
-1927166053L, -1779976707L, -1406670614L, 1648548744L, -1112992463L, 
-954036829L, 1055627684L, -2142651310L, 410347431L, -360139791L, 
-1184250058L, 1956226004L, 1434863973L, 1563940207L, 512747432L, 
-1930195706L, -1661021133L, 1017049749L, 1726006002L, -909079744L, 
-507715415L, 812000539L, 995713772L, 1182203642L, -1049653457L, 
294907705L, 2027467086L, -2052812900L, -1140876019L, -148863113L, 
-529104000L, 2022595038L, -224256341L, 1334632877L, -1033570790L, 
-1089476392L, 187290945L, -622567949L, -1682093036L, -35073630L, 
-2124855625L, -1184165759L, 1616324742L, 1969962180L, 1456331253L, 
343610463L, -2115287368L, 388220822L, -1278108253L, -942161563L, 
1525065858L, 1116389872L, -593815655L, -801943157L, 1002450044L, 
-128809302L, 150626527L, 1793967721L, 1917768830L, -1424540564L, 
2066767037L, -487754361L, -1346612880L, 950633486L, -479971013L, 
-1866955235L, 1564760778L, 1960138216L, -1085719855L, 1203390147L, 
-2024968764L, 1616177778L, 1852240711L, -1671181551L, 1718679190L, 
-1769698316L, 1984558469L, -980604721L, 1330184648L, -1117831066L, 
-1144203629L, -319257099L, 800659410L, -184916960L, 42857993L, 
-841355461L, -667590004L, 1980954394L, 1227561359L, 1787459289L, 
